PixelIndex 	 Signal 	 Background
0	429.97	860.08
1	5.56	1231.57
2	616.48	774.35
3	278.83	688.62
4	391.33	717.2
5	175.33	574.31
6	287.21	688.62
7	291.89	831.5
8	351.92	745.77
9	239.8	688.62
10	356.39	631.46
11	-63.95	660.04
12	252.53	545.74
13	120.06	517.16
14	-34.61	774.35
15	209.83	517.16
16	202.62	688.62
17	351.94	517.16
18	-62.88	660.04
19	202.77	631.46
20	156.95	431.43
21	486.41	431.43
22	-90.52	774.35
23	413.53	488.58
24	474.26	488.58
25	202.99	688.62
26	397.82	402.85
27	-6.58	688.62
28	387.43	488.58
29	43.84	517.16
30	-68.62	745.77
31	455.81	688.62
32	912.61	345.7
33	34.49	631.46
34	254.06	145.67
35	-101.99	860.08
36	1018.12	174.24
37	479.34	460.01
38	290.43	488.58
39	116.64	488.58
40	124.3	717.2
41	380.92	460.01
42	514.25	88.51
43	15.95	488.58
44	231.64	517.16
45	105.4	460.01
46	641.3	117.09
47	52.13	574.31
48	583.56	88.51
49	-8.55	488.58
50	43.22	374.28
51	219.32	174.24
52	159.56	145.67
53	429.09	317.12
54	182.93	402.85
55	-27.35	374.28
56	114.05	374.28
57	249.45	317.12
58	-25.71	431.43
59	246.48	517.16
60	284.51	460.01
61	588.43	231.4
62	164.16	745.77
63	547.33	602.89
64	290.87	717.2
65	415.31	431.43
66	-3.19	717.2
67	263.98	460.01
68	677.01	602.89
69	607.34	688.62
70	-99.08	660.04
71	165.22	745.77
72	233.9	574.31
73	345.72	602.89
74	393.48	517.16
75	171.5	631.46
76	-12.31	660.04
77	637.69	517.16
78	226.43	888.65
79	-73.73	688.62
80	495.98	631.46
81	325.56	488.58
82	712.39	545.74
83	325.46	517.16
84	138.05	517.16
85	657	688.62
86	596.26	631.46
87	-6.53	631.46
88	243.16	602.89
89	-50.16	831.5
90	161.02	660.04
91	321.92	488.58
92	573.06	345.7
93	238.32	717.2
94	-63.27	888.65
95	188.49	574.31
96	-61.57	974.38
97	393.8	545.74
98	182.07	488.58
99	341.39	631.46
100	758.33	488.58
101	178.69	888.65
102	-18.07	831.5
103	320.21	602.89
104	-138.23	717.2
105	290.98	574.31
106	180.25	917.23
107	338.41	602.89
108	639.24	545.74
109	453.98	431.43
110	331.75	660.04
111	339.47	860.08
112	531.57	631.46
113	436.05	631.46
114	340.61	431.43
115	140.58	1002.96
116	-131.77	888.65
117	552.12	688.62
118	299.29	802.92
119	463.55	545.74
120	30.1	945.8
121	295.21	717.2
122	381.73	660.04
123	461.47	631.46
124	476.28	631.46
125	580.58	660.04
126	467.48	631.46
127	471.86	602.89
128	518.37	774.35
129	280.14	688.62
130	323.55	802.92
131	328.71	574.31
132	643.84	517.16
133	452.48	860.08
134	-42.86	802.92
135	321.9	745.77
136	457.63	974.38
137	-75.46	917.23
138	670.36	545.74
139	18.07	945.8
140	15.53	945.8
141	602.81	631.46
142	359.89	774.35
143	324.28	745.77
144	620.53	545.74
145	596.45	602.89
146	324.7	802.92
147	-158.99	945.8
148	87.58	774.35
149	561.07	574.31
150	620.54	660.04
151	183.14	774.35
152	317.24	631.46
153	-88.45	831.5
154	575.78	631.46
155	202.34	488.58
156	229.41	831.5
157	843.25	317.12
158	191.49	688.62
159	250.71	631.46
160	106.22	945.8
161	332.94	860.08
162	263.51	945.8
163	66.68	1060.11
164	587.69	660.04
165	388.07	974.38
166	-24.91	1174.42
167	269.27	945.8
168	491.31	917.23
169	465.19	888.65
170	681.18	774.35
171	331.9	1060.11
172	91.12	1060.11
173	127.6	888.65
174	377.42	974.38
175	341.11	945.8
176	698.84	831.5
177	741.06	917.23
178	30.12	1060.11
179	667.97	717.2
180	485.05	831.5
181	131.68	1002.96
182	545.21	974.38
183	147.87	1060.11
184	109.38	860.08
185	494.28	802.92
186	578.53	802.92
187	227.51	860.08
188	311.31	974.38
189	422.69	745.77
190	710.35	1060.11
191	62.1	1031.54
192	573.29	717.2
193	421.21	745.77
194	254.21	888.65
195	664.1	774.35
196	134.27	917.23
197	318.59	974.38
198	783.02	802.92
199	873.4	860.08
200	-38.98	1174.42
201	94.65	1088.69
202	14.16	1231.57
203	486.6	917.23
204	352.82	1288.72
205	171.22	1231.57
206	417.87	1060.11
207	239.83	1202.99
208	481.88	1117.26
209	43.79	1117.26
210	384.11	1288.72
211	428.17	1174.42
212	492.98	1002.96
213	620.57	1088.69
214	4.47	1231.57
215	692.77	945.8
216	215.92	1202.99
217	507.07	1231.57
218	290.94	1088.69
219	687.73	1202.99
220	413.83	1088.69
221	522.76	1145.84
222	537.51	1202.99
223	429.54	1145.84
224	562.54	1145.84
225	197.6	1374.45
226	177.22	1431.61
227	806.03	1031.54
228	82.98	1317.3
229	703.93	1117.26
230	540.6	1174.42
231	579.5	1403.03
232	1181.13	1317.3
233	1236.56	1403.03
234	1019.81	1317.3
235	1382.97	1488.76
236	1282.6	1460.18
237	1592.17	1688.79
238	1998.86	1174.42
239	2030.61	1431.61
240	1861.89	1488.76
241	2134.03	1317.3
242	2389.45	1374.45
243	2632.7	1488.76
244	2602.07	1488.76
245	2701.96	1288.72
246	2624.25	1545.91
247	2394.14	1603.06
248	2132.21	1574.49
249	2247.5	1517.33
250	2160.15	1460.18
251	2182.04	1545.91
252	2028.06	1488.76
253	1590.13	1488.76
254	1631.43	1745.95
255	1207.51	1488.76
256	1282.07	1631.64
257	1286.34	1717.37
258	1261.12	1574.49
259	1019.01	1717.37
260	1003.97	1745.95
261	928.97	1774.52
262	762.17	1831.67
263	727.66	2003.13
264	730.97	1745.95
265	558.58	2003.13
266	576.66	1745.95
267	824.67	1831.67
268	1028.53	1660.21
269	133.16	2146.02
270	670.42	1631.64
271	994.09	1517.33
272	404.28	1888.83
273	696.34	1860.25
274	489.85	2003.13
275	593.55	1917.4
276	402.87	2060.29
277	11.86	2003.13
278	778.22	1831.67
279	412.06	2088.86
280	571.78	1888.83
281	756.18	1945.98
282	875.38	1831.67
283	506.85	2146.02
284	669.83	2088.86
285	480.13	2117.44
286	719.41	2088.86
287	564.63	2146.02
288	461.23	2231.74
289	145.04	2260.32
290	433.04	2060.29
291	477.98	2374.62
292	395.34	2346.05
293	165.34	2631.81
294	624.82	2403.2
295	689.52	2146.02
296	484.11	2374.62
297	79.26	2431.78
298	601.19	2346.05
299	619.31	2488.93
300	554.76	2231.74
301	717.58	2631.81
302	708.23	2203.17
303	417.22	2460.36
304	354.49	2660.39
305	900.59	2203.17
306	350.5	2717.54
307	602.36	2431.78
308	333.41	2574.66
309	1149.74	2631.81
310	164.6	2831.85
311	61.71	2803.27
312	417.31	2889
313	129.19	2803.27
314	580.46	2546.08
315	438.69	2631.81
316	927.21	2603.24
317	594.82	2803.27
318	445.56	2660.39
319	237.52	3231.92
320	-0.51	3003.31
321	315.4	3174.77
322	229.73	2860.43
323	327.61	3031.88
324	459.25	3231.92
325	210.35	3089.04
326	411.15	2946.15
327	650.24	2946.15
328	370.38	3060.46
329	-67.45	3231.92
330	92.43	3346.22
331	385.6	3374.8
332	442.28	3174.77
333	542.25	2974.73
334	125.12	3489.11
335	241.31	3517.68
336	610.4	3346.22
337	191.72	3689.14
338	558.83	3489.11
339	39.63	3660.56
340	725.89	3517.68
341	-80.53	3689.14
342	770.6	3660.56
343	597.5	3346.22
344	499.59	3603.41
345	567.3	3546.26
346	474.45	3689.14
347	534.93	3489.11
348	553.88	3832.02
349	523.18	3889.18
350	499.5	3717.72
351	757.88	3717.72
352	367.59	4146.36
353	178.91	3946.33
354	101.37	4432.13
355	714.14	3917.75
356	234.98	4346.4
357	619	4146.36
358	338.53	4575.01
359	279.05	4260.67
360	574.45	4374.97
361	678.31	4374.97
362	395.94	4403.55
363	393.19	4174.94
364	529.34	4289.24
365	579.17	4432.13
366	643.91	4203.52
367	510.72	4289.24
368	220.65	4775.04
369	227.5	4575.01
370	169.51	4660.74
371	540.6	4917.93
372	541.05	4460.7
373	730.27	4717.89
374	260.93	4889.35
375	783.11	4689.31
376	385.06	5089.38
377	241.6	4946.5
378	525.18	5060.81
379	1271.11	4517.86
380	143.38	5232.27
381	644.56	4946.5
382	954.67	4832.2
383	741.05	4746.47
384	156.22	5175.11
385	379.9	5175.11
386	614.4	5117.96
387	693.88	5089.38
388	773.1	5117.96
389	498.12	5375.15
390	637.52	5546.61
391	353.47	5632.34
392	-63.52	5603.76
393	226.38	5860.95
394	646.09	5546.61
395	401.81	5803.79
396	489.61	5632.34
397	288.36	5718.06
398	198.76	5946.68
399	691.63	5660.91
400	526.87	5632.34
401	888.08	5775.22
402	733.05	5860.95
403	1056.51	5718.06
404	722.43	5746.64
405	977.5	5660.91
406	748.59	5775.22
407	180.54	6060.98
408	461.83	6032.41
409	136.2	5889.52
410	489.96	5632.34
411	607.53	5603.76
412	493.5	5946.68
413	51.73	6003.83
414	537.54	6146.71
415	114.02	6089.56
416	213.38	6146.71
417	556.03	5803.79
418	569.52	6232.44
419	324	6118.13
420	249.75	6118.13
421	86.34	6261.02
422	507.34	5975.25
423	770.96	5946.68
424	315.19	6089.56
425	78.6	6403.9
426	1121.46	6175.29
427	543.9	6261.02
428	314.28	6432.47
429	426.74	6518.2
430	718.83	6575.36
431	109.49	6718.24
432	237.73	6632.51
433	847.3	6518.2
434	541.55	6746.81
435	646.82	6518.2
436	179.93	6946.85
437	325.66	6918.27
438	607.08	6746.81
439	630.43	6832.54
440	527.69	6946.85
441	858.41	6803.97
442	462.14	7404.07
443	240.97	7175.46
444	299.86	7289.77
445	165.21	7232.61
446	103.93	7518.38
447	607.85	7346.92
448	443.56	7518.38
449	316.35	7375.5
450	369.69	7375.5
451	272.76	7489.8
452	448.86	7061.16
453	153.02	7289.77
454	599.14	7032.58
455	685.18	7032.58
456	435.71	7032.58
457	509.76	6975.43
458	527.88	6461.05
459	529.38	6718.24
460	559.72	6432.47
461	594.63	6318.17
462	243.17	6632.51
463	477.48	6318.17
464	637.66	6089.56
465	475.58	6232.44
466	589.52	5918.1
467	727.98	5889.52
468	639.06	6003.83
469	-47.93	6289.59
470	480.96	5975.25
471	454.76	5832.37
472	585.78	6032.41
473	693.93	5775.22
474	171.82	6146.71
475	577.58	6346.75
476	508.1	6003.83
477	344.9	6518.2
478	454.73	6375.32
479	600.84	6432.47
480	238.7	6346.75
481	743.09	6203.86
482	521.01	6146.71
483	-66.82	6261.02
484	556.34	6032.41
485	592.86	5603.76
486	251.56	5775.22
487	236.23	5632.34
488	318.37	5375.15
489	436.49	5175.11
490	281.81	5518.03
491	368.94	5603.76
492	430.61	5460.88
493	446.52	5746.64
494	588.59	5918.1
495	411.2	6118.13
496	591.55	6489.63
497	237.36	6889.7
498	427.84	7146.88
499	603.58	7261.19
500	873.07	7118.31
501	371.74	7061.16
502	408.01	7175.46
503	339.13	7118.31
504	682.25	6689.66
505	583.81	6546.78
506	215.8	6375.32
507	347.72	5803.79
508	597.23	5489.45
509	922.61	5117.96
510	164.31	5518.03
511	471	5289.42
512	553.85	5060.81
513	225.94	5232.27
514	421.54	5146.54
515	581.64	5117.96
516	667.94	5032.23
517	421.37	5289.42
518	601.13	5146.54
519	380.83	5032.23
520	212.46	5432.3
521	46.98	5117.96
522	68.27	5546.61
523	402.72	5346.57
524	296.69	5432.3
525	268.44	5318
526	268.05	4946.5
527	588.07	5146.54
528	178.05	5318
529	198.66	5289.42
530	169.75	5146.54
531	668.85	5032.23
532	190.72	5318
533	519.47	5260.84
534	281.14	5146.54
535	316.88	5117.96
536	562.71	4775.04
537	300.54	5175.11
538	306.94	5175.11
539	290	5346.57
540	-85.19	5289.42
541	346.29	5375.15
542	613.11	5089.38
543	361.97	5117.96
544	538.76	5232.27
545	420.76	5203.69
546	330.51	5175.11
547	334.59	5375.15
548	521.81	5575.18
549	327.68	5832.37
550	404.86	6118.13
551	581.56	6232.44
552	392.26	6432.47
553	124.37	6432.47
554	405.18	6318.17
555	-44.48	6718.24
556	743.83	6060.98
557	697.86	5918.1
558	741.76	5632.34
559	385.13	5689.49
560	-142.57	5518.03
561	291.58	4946.5
562	460.32	5089.38
563	668.32	4889.35
564	400.01	5060.81
565	371.07	5032.23
566	297.81	5032.23
567	-4.92	5403.72
568	162.39	4689.31
569	342.2	4603.59
570	838.83	4517.86
571	295.07	4575.01
572	186.31	4517.86
573	696.42	4460.7
574	425.28	4346.4
575	580.61	4517.86
576	435.98	4717.89
577	564.78	4660.74
578	253.74	4775.04
579	369.61	4432.13
580	291.24	4660.74
581	393.48	4317.82
582	339.13	4403.55
583	92.68	4489.28
584	576.26	4146.36
585	430.3	4346.4
586	597.36	4089.21
587	168.15	4232.09
588	141.88	4632.16
589	208.74	4174.94
590	286.31	4174.94
591	49.1	4146.36
592	363.15	4174.94
593	159.88	3917.75
594	529.23	4117.79
595	292.88	4060.63
596	267.47	4060.63
597	342.06	3889.18
598	185.75	4003.48
599	413.48	4060.63
600	406.49	3803.45
601	505.73	3574.83
602	201.75	4203.52
603	124.93	3832.02
604	142.23	3917.75
605	416.98	3631.99
606	507.47	3774.87
607	598.49	3746.29
608	106.92	4117.79
609	471.02	3631.99
610	310.91	3689.14
611	573.94	3517.68
612	275.07	3746.29
613	266.06	3689.14
614	653.12	3689.14
615	546.26	3346.22
616	785.55	3460.53
617	639.54	3317.65
618	754.21	3546.26
619	763.86	3346.22
620	771.03	3460.53
621	747.29	3174.77
622	668.74	3146.19
623	557.35	3146.19
624	407.97	3231.92
625	554.94	3089.04
626	501.62	2946.15
627	419.58	3089.04
628	306.61	3289.07
629	77.42	3174.77
630	495.37	2889
631	180.64	3374.8
632	341.34	3146.19
633	596.25	2860.43
634	227.23	3146.19
635	334.35	3146.19
636	440.85	3060.46
637	586.12	2974.73
638	497.25	3231.92
639	560.22	3317.65
640	511.48	3146.19
641	99.73	3631.99
642	21.01	3231.92
643	171.91	3346.22
644	541.28	3089.04
645	490.81	3031.88
646	107.11	2889
647	229.67	2717.54
648	248.58	2860.43
649	835.51	2403.2
650	998.01	2146.02
651	615.62	2346.05
652	576.4	2546.08
653	613.25	2003.13
654	453.07	2117.44
655	585.85	2260.32
656	865.48	2003.13
657	368.26	2288.9
658	476.62	2031.71
659	728.46	2260.32
660	341.13	2231.74
661	288.36	2488.93
662	281.79	2346.05
663	147.4	2317.47
664	474.46	2460.36
665	361.07	2460.36
666	309.63	2431.78
667	549.76	2203.17
668	71.46	2203.17
669	343.19	1917.4
670	294.59	2060.29
671	106.02	2060.29
672	76.44	1831.67
673	337.19	1774.52
674	227.56	1745.95
675	227.43	1517.33
676	144.27	1803.1
677	88.7	1803.1
678	211.95	1374.45
679	340.17	1631.64
680	51.65	1860.25
681	-123.75	1860.25
682	-96.37	1631.64
683	218.42	1545.91
684	204.16	1603.06
685	390.33	1145.84
686	-155.98	1460.18
687	369.86	1403.03
688	308.45	1431.61
689	35.41	1545.91
690	314.49	1174.42
691	19.22	1603.06
692	185.26	1317.3
693	260.59	1403.03
694	139.58	1403.03
695	244.38	1403.03
696	231.18	1317.3
697	-8.82	1717.37
698	186.54	1260.15
699	22.57	1317.3
700	377.42	1202.99
701	290.8	1345.88
702	277.84	1317.3
703	215.99	1517.33
704	362	1202.99
705	-244.86	1574.49
706	201.71	1231.57
707	227.53	1260.15
708	-104.4	1317.3
709	44.53	1288.72
710	343.76	1202.99
711	198.57	1317.3
712	77.61	1202.99
713	316.47	1202.99
714	287.95	1145.84
715	330.23	1488.76
716	405.13	1317.3
717	-57.93	1688.79
718	536.24	1431.61
719	260.24	1545.91
720	325.01	1488.76
721	202.32	1688.79
722	103.13	1603.06
723	306.73	1603.06
724	38.77	1917.4
725	-114.59	1831.67
726	87.27	1631.64
727	88.99	1374.45
728	127.13	1603.06
729	-102.9	1974.56
730	-153.02	1488.76
731	304.06	1803.1
732	-183.11	1574.49
733	442.79	1574.49
734	-125.12	1688.79
735	439.79	1545.91
736	222.61	1974.56
737	248.13	1860.25
738	81.88	1803.1
739	181.64	1774.52
740	349.66	1631.64
741	18.72	1803.1
742	43.19	1774.52
743	435.73	1660.21
744	296.97	1803.1
745	245.6	1831.67
746	86.07	1860.25
747	-31.4	2174.59
748	-116.89	2117.44
749	19.71	1888.83
750	-132.4	2203.17
751	202.85	2088.86
752	154.53	1860.25
753	-110.67	2031.71
754	51.25	2260.32
755	378	2317.47
756	-19.45	2403.2
757	112.82	2488.93
758	56.84	2117.44
759	-20.44	2431.78
760	412.39	2488.93
761	-34.14	2717.54
762	103.57	2831.85
763	7.33	3003.31
764	176.01	3174.77
